1690880391955 0.8432592749595642 0
1690880393509 0.9182222485542297 1
1690880395118 0.9351666569709778 2
1690880396707 0.9461851716041565 3
1690880398260 0.953499972820282 4
1690880399790 0.957703709602356 5
1690880402072 0.9594259262084961 6
1690880404398 0.9628888964653015 7
1690880406436 0.9638147950172424 8
1690880408039 0.9661852121353149 9
1690880409944 0.9687592387199402 10
1690880412058 0.9689074158668518 11
1690880413646 0.970203697681427 12
1690880415242 0.9703518748283386 13
1690880416911 0.9722222089767456 14
1690880418570 0.97303706407547 15
1690880420131 0.9738518595695496 16
1690880421960 0.9742962718009949 17
1690880423623 0.9743888974189758 18
1690880425393 0.9750370383262634 19
1690880427305 0.975777804851532 20
1690880429271 0.9757962822914124 21
1690880431110 0.9760370254516602 22
1690880433402 0.9775000214576721 23
1690880435066 0.9770370125770569 24
1690880436810 0.9776852130889893 25
1690880438312 0.9783703684806824 26
1690880439816 0.9781481623649597 27
1690880441420 0.9782962799072266 28
1690880442920 0.9784814715385437 29
1690880444402 0.9788703918457031 30
1690880445905 0.9790740609169006 31
1690880447398 0.9800370335578918 32
1690880448904 0.9807592630386353 33
1690880450490 0.9801666736602783 34
1690880452086 0.9807962775230408 35
1690880453612 0.9799073934555054 36
1690880455138 0.9813148379325867 37
1690880456649 0.9814074039459229 38
1690880458203 0.9815185070037842 39
1690880459779 0.9812222123146057 40
1690880461444 0.9830370545387268 41
1690880462988 0.98159259557724 42
1690880464512 0.9821481704711914 43
1690880466119 0.9823703765869141 44
1690880467753 0.9823889136314392 45
1690880469299 0.982962965965271 46
1690880470959 0.9823333621025085 47
1690880472496 0.9825740456581116 48
1690880474029 0.9830926060676575 49
1690880475569 0.983222246170044 50
1690880477106 0.9835370182991028 51
1690880478643 0.9842592477798462 52
1690880480174 0.9834814667701721 53
1690880481842 0.9838703870773315 54
1690880483404 0.9843147993087769 55
1690880484942 0.9838333129882812 56
1690880486480 0.9852777719497681 57
1690880488020 0.9847592711448669 58
1690880489552 0.9844629764556885 59
1690880491212 0.9846851825714111 60
1690880492748 0.9843147993087769 61
1690880494278 0.9852963089942932 62
1690880495806 0.9844814538955688 63
1690880497340 0.9853888750076294 64
1690880498876 0.985537052154541 65
1690880500469 0.9851666688919067 66
1690880502071 0.9863703846931458 67
1690880503608 0.9853147864341736 68
1690880505146 0.986907422542572 69
1690880506693 0.9860555529594421 70
1690880508232 0.986037015914917 71
1690880509776 0.9871666431427002 72
1690880511440 0.9855926036834717 73
1690880512985 0.98674076795578 74
1690880514517 0.9863518476486206 75
1690880516057 0.9866296052932739 76
1690880517596 0.9873518347740173 77
1690880519162 0.9864629507064819 78
1690880520836 0.98674076795578 79
1690880522438 0.9874629378318787 80
1690880524173 0.9865555763244629 81
1690880525731 0.9868147969245911 82
1690880527286 0.9869815111160278 83
1690880528832 0.9870555400848389 84
1690880530597 0.9878703951835632 85
1690880532320 0.9872962832450867 86
1690880534288 0.9872221946716309 87
1690880535845 0.9872037172317505 88
1690880537394 0.987500011920929 89
1690880539109 0.9880370497703552 90
1690880540828 0.987407386302948 91
1690880542523 0.9877036809921265 92
1690880544091 0.9874444603919983 93
1690880545637 0.9887407422065735 94
1690880547187 0.9880740642547607 95
1690880548810 0.9887222051620483 96
1690880550548 0.989037036895752 97
1690880552186 0.9882037043571472 98
1690880553749 0.9880185127258301 99
