1690880391955 0.5466284155845642 0
1690880393509 0.26171210408210754 1
1690880395118 0.20616167783737183 2
1690880396707 0.1727406084537506 3
1690880398260 0.15007682144641876 4
1690880399790 0.1354784518480301 5
1690880402072 0.12679409980773926 6
1690880404398 0.11757109314203262 7
1690880406436 0.1118353009223938 8
1690880408039 0.10609401017427444 9
1690880409944 0.09982755780220032 10
1690880412058 0.09742974489927292 11
1690880413646 0.09200815856456757 12
1690880415242 0.09213021397590637 13
1690880416911 0.08606243133544922 14
1690880418570 0.08394540101289749 15
1690880420131 0.08178999274969101 16
1690880421960 0.0795745700597763 17
1690880423623 0.0770101547241211 18
1690880425393 0.07624030113220215 19
1690880427305 0.07465294003486633 20
1690880429271 0.07159429043531418 21
1690880431110 0.07206933945417404 22
1690880433402 0.06936109811067581 23
1690880435066 0.06814756989479065 24
1690880436810 0.06847413629293442 25
1690880438312 0.06443461030721664 26
1690880439816 0.06742612272500992 27
1690880441420 0.06409568339586258 28
1690880442920 0.0641951933503151 29
1690880444402 0.06224685162305832 30
1690880445905 0.06309860199689865 31
1690880447398 0.05946033447980881 32
1690880448904 0.05852619931101799 33
1690880450490 0.05892884358763695 34
1690880452086 0.05682053044438362 35
1690880453612 0.057613104581832886 36
1690880455138 0.05572162941098213 37
1690880456649 0.05572446435689926 38
1690880458203 0.055475108325481415 39
1690880459779 0.05410423502326012 40
1690880461444 0.051260605454444885 41
1690880462988 0.05385913699865341 42
1690880464512 0.051822155714035034 43
1690880466119 0.051690030843019485 44
1690880467753 0.05078243464231491 45
1690880469299 0.05148055776953697 46
1690880470959 0.051437560468912125 47
1690880472496 0.050105780363082886 48
1690880474029 0.04920470342040062 49
1690880475569 0.05025389418005943 50
1690880477106 0.04843677580356598 51
1690880478643 0.04680923745036125 52
1690880480174 0.04806242883205414 53
1690880481842 0.04842017963528633 54
1690880483404 0.04621424525976181 55
1690880484942 0.04651647061109543 56
1690880486480 0.043318748474121094 57
1690880488020 0.044616587460041046 58
1690880489552 0.0451616570353508 59
1690880491212 0.045273277908563614 60
1690880492748 0.04469691216945648 61
1690880494278 0.042965978384017944 62
1690880495806 0.04433615878224373 63
1690880497340 0.042198363691568375 64
1690880498876 0.041722461581230164 65
1690880500469 0.0431089922785759 66
1690880502071 0.03990403935313225 67
1690880503608 0.04228278249502182 68
1690880505146 0.03900675103068352 69
1690880506693 0.040757305920124054 70
1690880508232 0.04045780748128891 71
1690880509776 0.03853831812739372 72
1690880511440 0.041641104966402054 73
1690880512985 0.03787654638290405 74
1690880514517 0.040774017572402954 75
1690880516057 0.03915759176015854 76
1690880517596 0.03613920137286186 77
1690880519162 0.038250308483839035 78
1690880520836 0.03940752148628235 79
1690880522438 0.03657105565071106 80
1690880524173 0.0382259264588356 81
1690880525731 0.0378941185772419 82
1690880527286 0.037997517734766006 83
1690880528832 0.03772628307342529 84
1690880530597 0.035955920815467834 85
1690880532320 0.0357910580933094 86
1690880534288 0.03615863621234894 87
1690880535845 0.03663843125104904 88
1690880537394 0.03676256537437439 89
1690880539109 0.03470209985971451 90
1690880540828 0.0370020791888237 91
1690880542523 0.03579167276620865 92
1690880544091 0.03520374372601509 93
1690880545637 0.03321855515241623 94
1690880547187 0.03491821885108948 95
1690880548810 0.03437060862779617 96
1690880550548 0.03409125283360481 97
1690880552186 0.03210113197565079 98
1690880553749 0.03489620238542557 99
