1690882812853 0.9287962913513184 0
1690882826554 0.9727963209152222 1
1690882841140 0.97901850938797 2
1690882858915 0.9817222356796265 3
1690882875124 0.9842592477798462 4
1690882891060 0.9849814772605896 5
1690882906793 0.9872592687606812 6
1690882922626 0.9873703718185425 7
1690882938581 0.9895555377006531 8
1690882954463 0.989037036895752 9
1690882970507 0.9892963171005249 10
1690882986549 0.9907777905464172 11
1690883003523 0.9903703927993774 12
1690883019973 0.9910555481910706 13
1690883036245 0.9916296005249023 14
1690883054999 0.9917963147163391 15
1690883073807 0.9914259314537048 16
1690883090329 0.9924444556236267 17
1690883106740 0.9924814701080322 18
1690883122274 0.992555558681488 19
1690883138427 0.9926111102104187 20
1690883154706 0.9926111102104187 21
1690883170568 0.9928703904151917 22
1690883184986 0.993148148059845 23
1690883199757 0.9930555820465088 24
1690883213850 0.9940370321273804 25
1690883229680 0.9939073920249939 26
1690883244816 0.9936481714248657 27
1690883260057 0.9930740594863892 28
1690883274169 0.9941296577453613 29
1690883288357 0.9944815039634705 30
1690883302712 0.994259238243103 31
1690883316741 0.9942963123321533 32
1690883330589 0.9945926070213318 33
1690883346674 0.994351863861084 34
1690883363167 0.9949073791503906 35
1690883379523 0.9944629669189453 36
1690883393317 0.9946666955947876 37
1690883406927 0.994685173034668 38
1690883421551 0.9949444532394409 39
1690883435827 0.9949629902839661 40
1690883449617 0.9951851963996887 41
1690883464010 0.9951851963996887 42
1690883478715 0.9952777624130249 43
1690883493619 0.995555579662323 44
1690883507541 0.9949073791503906 45
1690883521712 0.9952222108840942 46
1690883535731 0.9951851963996887 47
1690883549938 0.9956666827201843 48
1690883563376 0.995722234249115 49
1690883577029 0.995462954044342 50
1690883590523 0.9957036972045898 51
1690883603937 0.9959259033203125 52
1690883617393 0.9955925941467285 53
1690883630805 0.9955000281333923 54
1690883646807 0.995629608631134 55
1690883660913 0.9957592487335205 56
1690883676831 0.9956851601600647 57
1690883693218 0.9957036972045898 58
1690883709415 0.995462954044342 59
1690883726118 0.9957963228225708 60
1690883742634 0.996055543422699 61
1690883758922 0.9964073896408081 62
1690883775380 0.9959814548492432 63
1690883791022 0.9960185289382935 64
1690883804137 0.9960926175117493 65
1690883817150 0.9958703517913818 66
1690883830246 0.9961296319961548 67
1690883843526 0.9964814782142639 68
1690883856521 0.996222198009491 69
1690883869583 0.996666669845581 70
1690883882720 0.9965555667877197 71
1690883896251 0.9961481690406799 72
1690883909564 0.9964073896408081 73
1690883924847 0.9962777495384216 74
1690883939021 0.9964073896408081 75
1690883952564 0.9968147873878479 76
1690883965909 0.9967777729034424 77
1690883979068 0.9963889122009277 78
1690883992139 0.9967222213745117 79
1690884005652 0.9962407350540161 80
1690884021250 0.9961110949516296 81
1690884039365 0.9967777729034424 82
1690884053535 0.9962037205696106 83
1690884067247 0.9965555667877197 84
1690884081119 0.9969444274902344 85
1690884094846 0.996666669845581 86
1690884108570 0.9965000152587891 87
1690884122265 0.9959444403648376 88
1690884136023 0.9965000152587891 89
1690884149771 0.9967777729034424 90
1690884163482 0.9971296191215515 91
1690884177284 0.9964629411697388 92
1690884191006 0.9965555667877197 93
1690884204676 0.9968147873878479 94
1690884218699 0.9967036843299866 95
1690884232392 0.9966111183166504 96
1690884246155 0.9967777729034424 97
1690884259935 0.9963148236274719 98
1690884273799 0.9971851706504822 99
