1690882812853 0.2303933948278427 0
1690882826554 0.08837302029132843 1
1690882841140 0.06859256327152252 2
1690882858915 0.05716917663812637 3
1690882875124 0.05066946893930435 4
1690882891060 0.04634968563914299 5
1690882906793 0.03985542431473732 6
1690882922626 0.03926471620798111 7
1690882938581 0.03414757549762726 8
1690882954463 0.032763075083494186 9
1690882970507 0.03281845524907112 10
1690882986549 0.02769804559648037 11
1690883003523 0.029293222352862358 12
1690883019973 0.027098072692751884 13
1690883036245 0.026287294924259186 14
1690883054999 0.024776369333267212 15
1690883073807 0.025769172236323357 16
1690883090329 0.02361173741519451 17
1690883106740 0.022726023569703102 18
1690883122274 0.022009311243891716 19
1690883138427 0.021887263283133507 20
1690883154706 0.021168289706110954 21
1690883170568 0.021293066442012787 22
1690883184986 0.019859081134200096 23
1690883199757 0.02045738883316517 24
1690883213850 0.018035506829619408 25
1690883229680 0.018451252952218056 26
1690883244816 0.019017670303583145 27
1690883260057 0.019107121974229813 28
1690883274169 0.01774328015744686 29
1690883288357 0.016191191971302032 30
1690883302712 0.01757117733359337 31
1690883316741 0.017276018857955933 32
1690883330589 0.015771642327308655 33
1690883346674 0.016920477151870728 34
1690883363167 0.015039404854178429 35
1690883379523 0.0160385649651289 36
1690883393317 0.014453016221523285 37
1690883406927 0.015349258668720722 38
1690883421551 0.015505004674196243 39
1690883435827 0.015250439755618572 40
1690883449617 0.014439056627452374 41
1690883464010 0.013686525635421276 42
1690883478715 0.013896176591515541 43
1690883493619 0.013562625274062157 44
1690883507541 0.014891952276229858 45
1690883521712 0.013811490498483181 46
1690883535731 0.012972364202141762 47
1690883549938 0.012997479178011417 48
1690883563376 0.012139447964727879 49
1690883577029 0.013853664509952068 50
1690883590523 0.012745952233672142 51
1690883603937 0.012315983884036541 52
1690883617393 0.012612121179699898 53
1690883630805 0.01351662166416645 54
1690883646807 0.012687605805695057 55
1690883660913 0.011904333718121052 56
1690883676831 0.012715943157672882 57
1690883693218 0.012929669581353664 58
1690883709415 0.013177307322621346 59
1690883726118 0.011758040636777878 60
1690883742634 0.011503868736326694 61
1690883758922 0.010954482480883598 62
1690883775380 0.011753646656870842 63
1690883791022 0.011333856731653214 64
1690883804137 0.011732511222362518 65
1690883817150 0.011108926497399807 66
1690883830246 0.012009816244244576 67
1690883843526 0.010867233388125896 68
1690883856521 0.010727696120738983 69
1690883869583 0.01011674478650093 70
1690883882720 0.010692904703319073 71
1690883896251 0.010890437290072441 72
1690883909564 0.010711370036005974 73
1690883924847 0.011169248260557652 74
1690883939021 0.011063692159950733 75
1690883952564 0.009193934500217438 76
1690883965909 0.009691220708191395 77
1690883979068 0.01139433216303587 78
1690883992139 0.009491333737969398 79
1690884005652 0.010875694453716278 80
1690884021250 0.011393554508686066 81
1690884039365 0.010081037878990173 82
1690884053535 0.011329879984259605 83
1690884067247 0.00920140277594328 84
1690884081119 0.009061355143785477 85
1690884094846 0.00975420419126749 86
1690884108570 0.010138344019651413 87
1690884122265 0.012601562775671482 88
1690884136023 0.010155175812542439 89
1690884149771 0.009994934312999249 90
1690884163482 0.008616444654762745 91
1690884177284 0.010572308674454689 92
1690884191006 0.011108807288110256 93
1690884204676 0.009667793288826942 94
1690884218699 0.009766856208443642 95
1690884232392 0.010447847656905651 96
1690884246155 0.009144010953605175 97
1690884259935 0.011557672172784805 98
1690884273799 0.00852527841925621 99
