1690877195168 0.08835013210773468 0
1690877201569 0.06492844223976135 1
1690877208091 0.061344485729932785 2
1690877215009 0.05951632931828499 3
1690877220816 0.05720561742782593 4
1690877226516 0.05572919920086861 5
1690877232067 0.05431701987981796 6
1690877237621 0.05274353548884392 7
1690877242966 0.05196642130613327 8
1690877248351 0.05124828591942787 9
1690877253620 0.05053092539310455 10
1690877258925 0.05000660568475723 11
1690877264109 0.04953791946172714 12
1690877269393 0.04925450682640076 13
1690877274682 0.048981670290231705 14
1690877279912 0.048835281282663345 15
1690877285266 0.04836492985486984 16
1690877290465 0.04751468449831009 17
1690877295853 0.0470629557967186 18
1690877301052 0.04658982902765274 19
1690877306396 0.04640114679932594 20
1690877311614 0.04603387787938118 21
1690877316958 0.04584628716111183 22
1690877322127 0.04566936194896698 23
1690877327458 0.04550457373261452 24
1690877332637 0.04522349685430527 25
1690877338092 0.04491189122200012 26
1690877343325 0.04439755901694298 27
1690877348735 0.044223375618457794 28
1690877354032 0.04383443295955658 29
1690877359352 0.04331979155540466 30
1690877364641 0.04260804504156113 31
1690877369928 0.042464982718229294 32
1690877375261 0.04245147854089737 33
1690877380497 0.042406752705574036 34
1690877385857 0.042262230068445206 35
1690877391086 0.042014457285404205 36
1690877396470 0.041855789721012115 37
1690877401688 0.04177144542336464 38
1690877407060 0.041578035801649094 39
1690877412840 0.04131157696247101 40
1690877418259 0.0409930944442749 41
1690877423440 0.04089590534567833 42
1690877428792 0.040868841111660004 43
1690877433996 0.04085583984851837 44
1690877439322 0.04061393067240715 45
1690877444552 0.04055044800043106 46
1690877449866 0.04054637625813484 47
1690877455197 0.040523070842027664 48
1690877460420 0.03991413488984108 49
1690877465885 0.039597272872924805 50
1690877471205 0.03935959190130234 51
1690877476580 0.0392020158469677 52
1690877481792 0.039182502776384354 53
1690877487162 0.039043013006448746 54
1690877492372 0.03877659887075424 55
1690877497749 0.038750819861888885 56
1690877502969 0.03847634419798851 57
1690877508326 0.038121115416288376 58
1690877513566 0.03773781657218933 59
1690877518948 0.03750638663768768 60
1690877524172 0.03748006001114845 61
1690877529511 0.03737562522292137 62
1690877534909 0.036953967064619064 63
1690877540110 0.03665982559323311 64
1690877545485 0.03658903390169144 65
1690877550686 0.036523934453725815 66
1690877556079 0.03625679761171341 67
1690877561319 0.03622264042496681 68
1690877566705 0.03609984368085861 69
1690877571940 0.036055758595466614 70
1690877577333 0.036044906824827194 71
1690877582998 0.036031171679496765 72
1690877589248 0.036016497761011124 73
1690877594715 0.03600815683603287 74
1690877600250 0.03598702326416969 75
1690877605772 0.035970091819763184 76
1690877611425 0.035972993820905685 77
1690877616772 0.03595566749572754 78
1690877622237 0.035621095448732376 79
1690877627883 0.03556782752275467 80
1690877633873 0.035557739436626434 81
1690877639490 0.0353844091296196 82
1690877645015 0.03532016649842262 83
1690877650655 0.0353129580616951 84
1690877656107 0.03530013561248779 85
1690877661512 0.03518364205956459 86
1690877667175 0.034995775669813156 87
1690877672664 0.03497370705008507 88
1690877678115 0.03495445474982262 89
1690877683662 0.03488828241825104 90
1690877689080 0.03487260267138481 91
1690877694497 0.034864868968725204 92
1690877699915 0.03484991565346718 93
1690877705482 0.03484875708818436 94
1690877710833 0.0348283052444458 95
1690877716141 0.0348205603659153 96
1690877721415 0.03483518958091736 97
1690877726691 0.03478072211146355 98
1690877732115 0.03461740165948868 99
