1690876485343 0.10319766402244568 0
1690876488616 0.07972536981105804 1
1690876491874 0.07451626658439636 2
1690876495086 0.07210004329681396 3
1690876498336 0.06967359036207199 4
1690876502555 0.06835869699716568 5
1690876506587 0.06759826838970184 6
1690876511210 0.06676770746707916 7
1690876514819 0.06537103652954102 8
1690876519308 0.06368676573038101 9
1690876522430 0.06269422173500061 10
1690876526690 0.06191779673099518 11
1690876530359 0.06120416522026062 12
1690876534248 0.060777246952056885 13
1690876539037 0.05985603481531143 14
1690876542425 0.05887937918305397 15
1690876545779 0.05773787945508957 16
1690876549161 0.0570661760866642 17
1690876552428 0.05602290481328964 18
1690876555694 0.05545809864997864 19
1690876559023 0.05468561500310898 20
1690876563178 0.05306369438767433 21
1690876567512 0.05180298164486885 22
1690876571059 0.05111315846443176 23
1690876574761 0.05048513039946556 24
1690876578356 0.048571329563856125 25
1690876581727 0.047598060220479965 26
1690876585518 0.046956486999988556 27
1690876589279 0.04622908681631088 28
1690876593310 0.04503572732210159 29
1690876597374 0.044238850474357605 30
1690876601141 0.043907877057790756 31
1690876604557 0.04324401915073395 32
1690876607828 0.04232371225953102 33
1690876611083 0.04174892231822014 34
1690876614563 0.04158170893788338 35
1690876617841 0.041383396834135056 36
1690876621106 0.0410040020942688 37
1690876624577 0.0404784120619297 38
1690876627847 0.04001009091734886 39
1690876631125 0.039846230298280716 40
1690876634571 0.03978825360536575 41
1690876637842 0.03968547284603119 42
1690876641096 0.039385754615068436 43
1690876644541 0.03905012458562851 44
1690876647803 0.03879522159695625 45
1690876651070 0.038488660007715225 46
1690876654519 0.03826063498854637 47
1690876657761 0.03796767070889473 48
1690876661012 0.03759516775608063 49
1690876664438 0.037359025329351425 50
1690876667700 0.03731594979763031 51
1690876670946 0.03725818544626236 52
1690876674382 0.03697001934051514 53
1690876677789 0.03677843511104584 54
1690876681068 0.03670816123485565 55
1690876684508 0.03665425628423691 56
1690876687771 0.03662176430225372 57
1690876691034 0.036587003618478775 58
1690876694502 0.03654715418815613 59
1690876697755 0.03653569892048836 60
1690876701011 0.03603695333003998 61
1690876704453 0.03587377443909645 62
1690876707712 0.03583844378590584 63
1690876710969 0.035815972834825516 64
1690876714437 0.035770442336797714 65
1690876717709 0.035723235458135605 66
1690876720973 0.03555900231003761 67
1690876724387 0.03551601991057396 68
1690876727673 0.03548257797956467 69
1690876730938 0.035441089421510696 70
1690876734402 0.03541707247495651 71
1690876737668 0.035352155566215515 72
1690876740923 0.03531167656183243 73
1690876744352 0.03527412191033363 74
1690876747624 0.035230785608291626 75
1690876750878 0.03515751659870148 76
1690876754317 0.03496213257312775 77
1690876757574 0.03488074243068695 78
1690876760838 0.03484032675623894 79
1690876764273 0.034663617610931396 80
1690876767537 0.034609630703926086 81
1690876770790 0.03458306938409805 82
1690876774216 0.03451518714427948 83
1690876777498 0.034450531005859375 84
1690876781681 0.03443390503525734 85
1690876785652 0.03438218683004379 86
1690876789460 0.03424064442515373 87
1690876792730 0.03418092802166939 88
1690876796304 0.03416325896978378 89
1690876800009 0.03415532037615776 90
1690876804174 0.03412351757287979 91
1690876807742 0.034103088080883026 92
1690876811005 0.03407769650220871 93
1690876814376 0.03401254117488861 94
1690876818739 0.03401578217744827 95
1690876822323 0.03396837040781975 96
1690876825656 0.033975254744291306 97
1690876828910 0.03390226140618324 98
1690876832184 0.03383175656199455 99
